[[0.9999939]
 [0.9994505]
 [0.9999973]
 [0.9999995]
 [1.       ]
 [0.9760397]
 [0.9999884]
 [0.9999995]
 [0.9997605]
 [0.6929354]
 [0.2484259]
 [0.9999999]
 [0.9983788]
 [0.9998674]
 [0.9734626]
 [0.9999999]
 [0.653002 ]
 [1.       ]
 [0.9998859]
 [0.2694784]
 [0.9999999]
 [0.9999997]
 [0.7235934]
 [0.9366891]
 [0.4386247]
 [0.9999891]
 [0.9971664]
 [1.       ]
 [0.9866882]
 [0.9752592]
 [0.9998993]
 [0.9952974]
 [0.9999989]
 [1.       ]
 [0.8615636]
 [1.       ]
 [0.9991642]
 [0.9809872]
 [0.9999895]
 [0.9999997]
 [1.       ]
 [0.9999996]
 [0.4762174]
 [0.8045145]
 [0.9965101]
 [0.8109768]
 [0.9999963]
 [0.9994047]
 [0.9999999]
 [0.0455271]
 [0.9999861]
 [0.9999891]
 [0.9999969]
 [0.9638126]
 [0.6503342]
 [0.8990071]
 [0.999915 ]
 [0.9999999]
 [0.9999999]
 [0.1461486]
 [0.9999999]
 [1.       ]
 [0.9988568]
 [0.9912575]
 [0.9911185]
 [0.9921351]
 [0.99737  ]
 [0.9998599]
 [0.9999998]
 [0.9999996]
 [0.9999999]
 [0.9999654]
 [1.       ]
 [0.9999991]
 [0.9656725]
 [0.9999998]
 [0.2192389]
 [0.3411861]
 [0.9920417]
 [0.9578273]
 [0.9999995]
 [1.       ]
 [0.9999992]
 [0.9823045]
 [0.9990352]
 [0.9999929]
 [0.9999552]
 [0.9999824]
 [0.9999997]
 [0.9998071]
 [0.9994621]
 [0.9980125]
 [0.9999968]
 [1.       ]
 [0.0460073]
 [0.997799 ]
 [0.7293682]
 [0.9958563]
 [0.9988318]
 [0.9995583]]